CHEFE 2 150 6000 71.12394274866787 -10
INIMIGO 1 492 71.12394274866787 -10.0
INIMIGO 1 994 216.21986813063128 -10.0
INIMIGO 1 1499 80.35827043993407 -10.0
INIMIGO 1 2003 12.615952065049427 -10.0
INIMIGO 1 2505 245.47012326942664 -10.0
INIMIGO 1 3009 52.53362640401979 -10.0
INIMIGO 1 3510 215.41858465731784 -10.0
INIMIGO 1 4013 359.7788506614038 -10.0
INIMIGO 1 4521 355.8093322408621 -10.0
INIMIGO 1 5026 235.42181020993036 -10.0
INIMIGO 2 5494 96.0 -10.0
INIMIGO 1 5529 369.5267257034569 -10.0
INIMIGO 2 5617 96.0 -10.0
INIMIGO 2 5740 96.0 -10.0
INIMIGO 2 5865 96.0 -10.0
INIMIGO 2 5990 96.0 -10.0
INIMIGO 1 6030 58.5665100507402 -10.0
INIMIGO 2 6115 96.0 -10.0
INIMIGO 2 6240 96.0 -10.0
INIMIGO 2 6365 96.0 -10.0
INIMIGO 2 6490 96.0 -10.0
INIMIGO 1 6535 145.85861150643484 -10.0
INIMIGO 2 6615 96.0 -10.0
INIMIGO 1 7040 50.59110642581206 -10.0
INIMIGO 1 7541 258.4060506044989 -10.0
INIMIGO 1 8046 140.08690705019387 -10.0
POWERUP 1 8491 465.8185611602158 -10.0
INIMIGO 1 8551 122.6089701763157 -10.0
INIMIGO 1 9056 112.63262846318476 -10.0
INIMIGO 1 9561 120.56354541224573 -10.0
INIMIGO 1 10065 384.82946124394647 -10.0
INIMIGO 1 10567 55.11129757132561 -10.0
INIMIGO 1 11072 373.70355810308195 -10.0
INIMIGO 2 11387 96.0 -10.0
INIMIGO 2 11508 96.0 -10.0
INIMIGO 1 11573 438.8836496626827 -10.0
INIMIGO 2 11633 96.0 -10.0
INIMIGO 2 11758 96.0 -10.0
INIMIGO 2 11883 96.0 -10.0
INIMIGO 2 12008 96.0 -10.0
INIMIGO 1 12078 187.46575240795468 -10.0
INIMIGO 2 12133 96.0 -10.0
INIMIGO 2 12258 96.0 -10.0
INIMIGO 2 12383 96.0 -10.0
INIMIGO 2 12504 96.0 -10.0
INIMIGO 1 12579 454.93606959185803 -10.0
INIMIGO 1 13082 467.5180251833286 -10.0
INIMIGO 1 13587 214.13662472216186 -10.0
INIMIGO 1 14088 109.31444756270388 -10.0
INIMIGO 1 14593 235.7704128276932 -10.0
INIMIGO 1 15094 296.5514726168334 -10.0
INIMIGO 1 15599 427.02350367696255 -10.0
INIMIGO 2 15826 384.0 -10.0
INIMIGO 2 15948 384.0 -10.0
INIMIGO 2 16073 384.0 -10.0
INIMIGO 1 16103 375.089639549307 -10.0
INIMIGO 2 16194 384.0 -10.0
INIMIGO 2 16319 384.0 -10.0
INIMIGO 2 16444 384.0 -10.0
INIMIGO 2 16569 384.0 -10.0
INIMIGO 1 16604 297.18482753868176 -10.0