-915
-893
-891
-868
-866
-857
-855
-850
-849
-844
-841
-826
-800
-795
-791
-789
-785
-784
-778
-776
-773
-764
-762
-755
-754
-751
-748
-741
-740
-739
-729
-728
-728
-726
-724
-715
-709
-709
-705
-704
-703
-702
-699
-696
-695
-691
-683
-682
-682
-680
-680
-680
-680
-673
-669
-665
-665
-664
-661
-660
-659
-658
-658
-653
-650
-650
-648
-647
-645
-645
-644
-642
-641
-637
-636
-633
-631
-631
-624
-618
-614
-614
-613
-610
-609
-603
-602
-600
-596
-592
-589
-589
-587
-587
-586
-586
-583
-579
-576
-573
-573
-567
-560
-557
-556
-553
-552
-551
-548
-547
-547
-545
-543
-539
-537
-534
-534
-529
-529
-529
-526
-526
-523
-522
-521
-519
-518
-511
-505
-504
-502
-501
-498
-496
-494
-493
-483
-478
-477
-477
-470
-469
-468
-464
-463
-461
-460
-457
-457
-455
-455
-453
-450
-448
-445
-444
-444
-442
-439
-438
-438
-436
-436
-433
-432
-432
-432
-427
-426
-426
-425
-424
-420
-418
-418
-414
-412
-411
-411
-409
-408
-405
-405
-405
-403
-402
-401
-401
-401
-400
-398
-395
-393
-391
-390
-389
-389
-383
-381
-379
-376
-375
-373
-373
-370
-368
-363
-361
-361
-360
-357
-357
-353
-351
-347
-344
-344
-343
-342
-342
-342
-341
-339
-337
-337
-335
-335
-334
-333
-331
-328
-327
-324
-323
-322
-320
-318
-318
-313
-313
-312
-311
-311
-310
-309
-309
-306
-305
-301
-300
-299
-299
-299
-293
-290
-289
-288
-288
-287
-287
-287
-287
-285
-284
-284
-283
-282
-280
-279
-279
-277
-277
-275
-274
-273
-273
-273
-268
-268
-265
-264
-263
-263
-261
-259
-259
-259
-259
-257
-256
-256
-255
-255
-246
-246
-245
-244
-243
-240
-240
-238
-236
-236
-235
-233
-232
-231
-230
-230
-230
-228
-228
-227
-225
-224
-224
-224
-223
-219
-217
-216
-216
-211
-211
-208
-208
-198
-198
-194
-189
-188
-188
-187
-187
-186
-185
-185
-185
-183
-182
-180
-179
-176
-176
-176
-172
-172
-170
-169
-165
-164
-163
-163
-162
-161
-158
-157
-156
-156
-156
-155
-154
-154
-153
-152
-151
-147
-146
-146
-143
-143
-140
-137
-136
-134
-133
-131
-131
-130
-130
-127
-127
-125
-123
-123
-123
-122
-120
-120
-119
-117
-113
-111
-109
-109
-107
-106
-105
-102
-102
-101
-100
-99
-98
-98
-96
-96
-95
-95
-93
-88
-88
-87
-87
-86
-86
-85
-84
-84
-84
-81
-81
-80
-79
-79
-79
-78
-78
-75
-75
-74
-74
-73
-73
-72
-72
-72
-71
-69
-67
-66
-66
-66
-65
-65
-65
-62
-61
-61
-60
-60
-56
-55
-53
-52
-50
-49
-48
-48
-46
-46
-44
-44
-43
-40
-39
-38
-38
-37
-36
-34
-34
-32
-32
-32
-31
-30
-29
-26
-25
-24
-23
-22
-21
-18
-14
-13
-12
-11
-11
-11
-9
-8
-7
-7
-5
-2
-2
-1
-1
2
2
3
3
4
4
7
8
8
8
9
9
10
11
11
12
12
12
14
14
16
20
21
21
22
22
23
24
24
24
25
26
30
30
32
35
36
36
36
37
38
38
39
41
41
44
47
48
50
51
52
52
53
55
55
55
56
56
56
57
60
60
61
63
64
68
68
68
69
72
73
73
73
74
75
76
77
77
78
80
82
82
82
82
85
86
86
88
88
89
90
91
91
92
92
93
94
95
96
96
97
98
99
102
105
107
107
108
109
110
111
111
113
114
115
116
116
117
117
119
119
119
120
122
124
124
126
129
130
131
134
134
135
137
139
139
140
141
142
143
143
145
146
148
150
154
155
156
159
160
160
165
166
167
167
168
169
172
173
173
174
174
175
175
176
178
179
181
182
183
184
185
186
187
192
193
193
194
194
197
205
206
206
209
209
211
213
213
217
219
220
221
222
223
224
225
227
227
229
236
237
237
238
239
241
242
242
245
245
246
248
248
249
251
251
252
256
257
262
268
270
271
272
272
273
274
275
276
283
284
284
285
287
289
290
290
290
291
293
295
298
303
304
306
307
307
307
309
310
311
311
313
314
315
316
317
317
318
318
319
319
319
320
321
321
322
323
328
329
335
335
336
338
338
338
340
341
341
344
346
347
348
350
351
351
352
353
357
358
358
360
363
368
369
369
370
371
372
373
374
374
375
376
379
380
380
384
384
384
385
386
388
388
388
393
393
394
394
395
397
398
402
404
406
408
414
415
423
427
428
428
429
430
430
433
433
435
437
438
439
441
441
442
445
449
450
453
457
461
461
466
466
466
467
468
468
475
475
478
482
485
486
489
498
502
503
503
505
507
509
519
520
523
524
524
525
527
527
528
531
533
534
535
536
538
539
549
550
550
550
550
553
553
554
555
555
557
561
562
562
564
567
567
569
572
573
576
578
579
580
580
586
587
588
591
592
594
597
598
598
601
603
609
611
615
618
618
620
622
624
625
628
631
636
639
640
644
647
648
659
659
666
666
675
676
681
690
693
694
698
698
699
700
700
709
712
715
717
726
726
728
734
747
747
748
748
756
759
771
774
780
783
783
794
797
801
801
802
808
808
811
812
812
814
818
820
821
837
840
847
852
859
889
890
891
893
896
908
920
946
