-1949 
-1943 
-1942 
-1940 
-1912 
-1911 
-1829 
-1803 
-1801 
-1790 
-1788 
-1767 
-1766 
-1763 
-1750 
-1746 
-1741 
-1738 
-1734 
-1724 
-1717 
-1702 
-1698 
-1696 
-1690 
-1682 
-1679 
-1657 
-1644 
-1642 
-1637 
-1631 
-1628 
-1620 
-1612 
-1610 
-1603 
-1590 
-1589 
-1567 
-1559 
-1554 
-1553 
-1550 
-1544 
-1542 
-1541 
-1539 
-1533 
-1529 
-1521 
-1514 
-1510 
-1506 
-1505 
-1496 
-1491 
-1489 
-1474 
-1473 
-1470 
-1469 
-1467 
-1464 
-1460 
-1458 
-1457 
-1444 
-1437 
-1435 
-1433 
-1422 
-1416 
-1415 
-1411 
-1408 
-1405 
-1402 
-1399 
-1396 
-1395 
-1389 
-1384 
-1380 
-1376 
-1374 
-1372 
-1364 
-1363 
-1362 
-1360 
-1352 
-1351 
-1348 
-1346 
-1345 
-1344 
-1332 
-1331 
-1328 
-1324 
-1323 
-1321 
-1318 
-1312 
-1311 
-1307 
-1303 
-1300 
-1298 
-1283 
-1282 
-1278 
-1275 
-1271 
-1270 
-1268 
-1265 
-1262 
-1260 
-1256 
-1255 
-1252 
-1247 
-1243 
-1242 
-1236 
-1229 
-1227 
-1225 
-1222 
-1221 
-1218 
-1217 
-1207 
-1206 
-1197 
-1194 
-1187 
-1186 
-1183 
-1180 
-1178 
-1165 
-1163 
-1160 
-1158 
-1151 
-1150 
-1149 
-1148 
-1143 
-1142 
-1140 
-1139 
-1135 
-1133 
-1131 
-1124 
-1121 
-1120 
-1117 
-1114 
-1113 
-1112 
-1110 
-1109 
-1106 
-1105 
-1103 
-1101 
-1100 
-1096 
-1095 
-1091 
-1081 
-1079 
-1077 
-1076 
-1073 
-1070 
-1067 
-1066 
-1064 
-1063 
-1054 
-1050 
-1049 
-1042 
-1039 
-1038 
-1036 
-1032 
-1031 
-1030 
-1026 
-1025 
-1024 
-1023 
-1021 
-1018 
-1017 
-1016 
-1012 
-1010 
-1009 
-1008 
-1006 
-998 
-994 
-993 
-986 
-985 
-984 
-981 
-980 
-979 
-977 
-971 
-969 
-960 
-955 
-954 
-950 
-947 
-944 
-940 
-938 
-937 
-932 
-924 
-923 
-921 
-918 
-917 
-916 
-915 
-912 
-911 
-907 
-902 
-901 
-900 
-896 
-893 
-892 
-891 
-888 
-884 
-881 
-876 
-870 
-868 
-867 
-866 
-865 
-864 
-862 
-857 
-856 
-855 
-853 
-852 
-850 
-849 
-844 
-842 
-841 
-839 
-838 
-836 
-834 
-833 
-832 
-830 
-828 
-826 
-823 
-821 
-819 
-810 
-809 
-805 
-800 
-797 
-795 
-794 
-793 
-791 
-790 
-789 
-788 
-787 
-786 
-785 
-784 
-783 
-782 
-780 
-779 
-778 
-776 
-775 
-773 
-769 
-768 
-764 
-762 
-761 
-760 
-759 
-758 
-755 
-754 
-751 
-750 
-748 
-746 
-743 
-741 
-740 
-739 
-738 
-733 
-729 
-728 
-726 
-725 
-724 
-723 
-722 
-720 
-718 
-716 
-715 
-712 
-711 
-710 
-709 
-708 
-707 
-705 
-704 
-703 
-702 
-699 
-697 
-696 
-695 
-691 
-690 
-689 
-688 
-687 
-685 
-684 
-683 
-682 
-680 
-679 
-678 
-675 
-673 
-669 
-668 
-665 
-664 
-662 
-661 
-660 
-659 
-658 
-657 
-656 
-653 
-651 
-650 
-649 
-648 
-647 
-645 
-644 
-643 
-642 
-641 
-639 
-637 
-636 
-635 
-634 
-633 
-631 
-625 
-624 
-620 
-619 
-618 
-617 
-616 
-614 
-613 
-610 
-609 
-608 
-607 
-604 
-603 
-602 
-600 
-598 
-596 
-595 
-593 
-592 
-590 
-589 
-587 
-586 
-585 
-584 
-583 
-582 
-580 
-579 
-577 
-576 
-574 
-573 
-571 
-570 
-567 
-566 
-565 
-564 
-563 
-560 
-558 
-557 
-556 
-555 
-553 
-552 
-551 
-550 
-549 
-548 
-547 
-545 
-544 
-543 
-539 
-537 
-536 
-535 
-534 
-533 
-529 
-527 
-526 
-525 
-523 
-522 
-521 
-519 
-518 
-517 
-516 
-515 
-513 
-511 
-507 
-506 
-505 
-504 
-503 
-502 
-501 
-500 
-498 
-496 
-495 
-494 
-493 
-492 
-491 
-490 
-489 
-487 
-486 
-483 
-482 
-481 
-479 
-478 
-477 
-474 
-473 
-472 
-470 
-469 
-468 
-465 
-464 
-463 
-462 
-461 
-460 
-458 
-457 
-455 
-453 
-450 
-448 
-447 
-445 
-444 
-442 
-441 
-440 
-439 
-438 
-436 
-435 
-434 
-433 
-432 
-431 
-430 
-428 
-427 
-426 
-425 
-424 
-423 
-422 
-421 
-420 
-419 
-418 
-414 
-413 
-412 
-411 
-409 
-408 
-407 
-405 
-404 
-403 
-402 
-401 
-400 
-399 
-398 
-397 
-396 
-395 
-394 
-393 
-391 
-390 
-389 
-387 
-383 
-382 
-381 
-380 
-379 
-378 
-376 
-375 
-374 
-373 
-371 
-370 
-369 
-368 
-367 
-366 
-363 
-362 
-361 
-360 
-358 
-357 
-355 
-353 
-352 
-351 
-350 
-347 
-346 
-344 
-343 
-342 
-341 
-340 
-339 
-337 
-335 
-334 
-333 
-331 
-330 
-328 
-327 
-326 
-325 
-324 
-323 
-322 
-320 
-319 
-318 
-317 
-315 
-313 
-312 
-311 
-310 
-309 
-308 
-306 
-305 
-303 
-302 
-301 
-300 
-299 
-298 
-297 
-295 
-294 
-293 
-292 
-290 
-289 
-288 
-287 
-286 
-285 
-284 
-283 
-282 
-281 
-280 
-279 
-278 
-277 
-276 
-275 
-274 
-273 
-272 
-271 
-268 
-266 
-265 
-264 
-263 
-261 
-260 
-259 
-257 
-256 
-255 
-253 
-252 
-251 
-249 
-247 
-246 
-245 
-244 
-243 
-242 
-241 
-240 
-239 
-238 
-237 
-236 
-235 
-234 
-233 
-232 
-231 
-230 
-229 
-228 
-227 
-226 
-225 
-224 
-223 
-222 
-221 
-219 
-218 
-217 
-216 
-214 
-213 
-211 
-210 
-208 
-206 
-205 
-204 
-202 
-200 
-198 
-197 
-194 
-193 
-192 
-191 
-190 
-189 
-188 
-187 
-186 
-185 
-183 
-182 
-180 
-179 
-178 
-177 
-176 
-175 
-172 
-170 
-169 
-168 
-165 
-164 
-163 
-162 
-161 
-160 
-158 
-157 
-156 
-155 
-154 
-153 
-152 
-151 
-147 
-146 
-145 
-143 
-142 
-141 
-140 
-139 
-137 
-136 
-134 
-133 
-131 
-130 
-129 
-128 
-127 
-125 
-123 
-122 
-120 
-119 
-118 
-117 
-116 
-114 
-113 
-111 
-110 
-109 
-107 
-106 
-105 
-102 
-101 
-100 
-99 
-98 
-97 
-96 
-95 
-94 
-93 
-91 
-90 
-88 
-87 
-86 
-85 
-84 
-82 
-81 
-80 
-79 
-78 
-77 
-76 
-75 
-74 
-73 
-72 
-71 
-70 
-69 
-68 
-67 
-66 
-65 
-63 
-62 
-61 
-60 
-59 
-57 
-56 
-55 
-54 
-53 
-52 
-51 
-50 
-49 
-48 
-47 
-46 
-44 
-43 
-41 
-40 
-39 
-38 
-37 
-36 
-35 
-34 
-32 
-31 
-30 
-29 
-26 
-25 
-24 
-23 
-22 
-21 
-20 
-19 
-18 
-17 
-14 
-13 
-12 
-11 
-10 
-9 
-8 
-7 
-6 
-5 
-4 
-2 
-1 
1 
2 
3 
4 
5 
6 
7 
8 
9 
10 
11 
12 
13 
14 
15 
16 
17 
18 
20 
21 
22 
23 
24 
25 
26 
28 
30 
31 
32 
33 
34 
35 
36 
37 
38 
39 
40 
41 
44 
45 
47 
48 
49 
50 
51 
52 
53 
54 
55 
56 
57 
60 
61 
62 
63 
64 
65 
67 
68 
69 
70 
72 
73 
74 
75 
76 
77 
78 
79 
80 
82 
83 
84 
85 
86 
87 
88 
89 
90 
91 
92 
93 
94 
95 
96 
97 
98 
99 
100 
101 
102 
103 
104 
105 
106 
107 
108 
109 
110 
111 
112 
113 
114 
115 
116 
117 
119 
120 
121 
122 
124 
126 
127 
128 
129 
130 
131 
132 
133 
134 
135 
137 
139 
140 
141 
142 
143 
145 
146 
147 
148 
149 
150 
151 
152 
154 
155 
156 
157 
158 
159 
160 
162 
163 
165 
166 
167 
168 
169 
171 
172 
173 
174 
175 
176 
178 
179 
181 
182 
183 
184 
185 
186 
187 
188 
189 
190 
191 
192 
193 
194 
195 
196 
197 
198 
199 
200 
201 
202 
205 
206 
208 
209 
210 
211 
213 
214 
215 
216 
217 
218 
219 
220 
221 
222 
223 
224 
225 
227 
229 
232 
233 
234 
236 
237 
238 
239 
241 
242 
244 
245 
246 
248 
249 
251 
252 
256 
257 
258 
261 
262 
264 
266 
268 
269 
270 
271 
272 
273 
274 
275 
276 
277 
278 
279 
280 
283 
284 
285 
287 
289 
290 
291 
293 
294 
295 
297 
298 
300 
301 
302 
303 
304 
305 
306 
307 
309 
310 
311 
312 
313 
314 
315 
316 
317 
318 
319 
320 
321 
322 
323 
324 
325 
328 
329 
330 
331 
332 
334 
335 
336 
337 
338 
339 
340 
341 
344 
345 
346 
347 
348 
349 
350 
351 
352 
353 
355 
356 
357 
358 
359 
360 
363 
366 
367 
368 
369 
370 
371 
372 
373 
374 
375 
376 
378 
379 
380 
381 
382 
384 
385 
386 
388 
389 
392 
393 
394 
395 
396 
397 
398 
401 
402 
403 
404 
406 
407 
408 
410 
413 
414 
415 
416 
419 
423 
424 
427 
428 
429 
430 
433 
435 
436 
437 
438 
439 
440 
441 
442 
445 
446 
447 
448 
449 
450 
451 
453 
457 
461 
464 
466 
467 
468 
469 
471 
474 
475 
476 
477 
478 
480 
481 
482 
485 
486 
488 
489 
491 
495 
497 
498 
499 
501 
502 
503 
505 
506 
507 
509 
510 
512 
513 
517 
519 
520 
522 
523 
524 
525 
527 
528 
529 
530 
531 
533 
534 
535 
536 
537 
538 
539 
540 
541 
542 
543 
544 
546 
549 
550 
551 
553 
554 
555 
557 
558 
561 
562 
564 
565 
566 
567 
568 
569 
570 
572 
573 
574 
575 
576 
577 
578 
579 
580 
582 
584 
586 
587 
588 
590 
591 
592 
594 
597 
598 
601 
603 
605 
608 
609 
610 
611 
612 
613 
615 
616 
618 
620 
622 
623 
624 
625 
628 
629 
630 
631 
632 
634 
636 
637 
639 
640 
641 
644 
647 
648 
651 
652 
655 
656 
657 
659 
660 
666 
667 
668 
671 
672 
674 
675 
676 
677 
679 
681 
683 
684 
687 
688 
690 
693 
694 
695 
697 
698 
699 
700 
701 
702 
708 
709 
710 
711 
712 
714 
715 
717 
719 
720 
722 
723 
724 
726 
728 
730 
731 
733 
734 
735 
736 
737 
738 
741 
743 
744 
747 
748 
749 
750 
751 
755 
756 
757 
758 
759 
761 
763 
767 
769 
771 
774 
777 
780 
782 
783 
784 
787 
790 
792 
793 
794 
797 
801 
802 
803 
808 
809 
810 
811 
812 
814 
815 
816 
817 
818 
819 
820 
821 
822 
824 
830 
835 
836 
837 
840 
842 
843 
846 
847 
848 
850 
851 
852 
853 
854 
857 
858 
859 
860 
863 
864 
867 
871 
874 
878 
879 
883 
885 
886 
888 
889 
890 
891 
893 
894 
896 
897 
900 
902 
904 
906 
907 
908 
911 
912 
914 
918 
919 
920 
921 
924 
925 
926 
931 
936 
938 
939 
940 
942 
943 
944 
945 
946 
947 
948 
953 
955 
956 
962 
963 
965 
970 
971 
977 
979 
980 
983 
988 
991 
992 
997 
1003 
1005 
1007 
1008 
1010 
1012 
1017 
1020 
1021 
1027 
1028 
1030 
1035 
1037 
1042 
1044 
1047 
1049 
1050 
1054 
1055 
1058 
1059 
1061 
1065 
1066 
1067 
1070 
1072 
1075 
1078 
1080 
1081 
1083 
1084 
1088 
1092 
1093 
1097 
1104 
1105 
1106 
1107 
1110 
1112 
1115 
1118 
1120 
1122 
1124 
1127 
1136 
1137 
1139 
1140 
1144 
1148 
1149 
1152 
1155 
1157 
1160 
1163 
1166 
1182 
1189 
1190 
1192 
1194 
1196 
1198 
1202 
1204 
1211 
1219 
1224 
1225 
1227 
1230 
1233 
1234 
1235 
1240 
1241 
1244 
1251 
1252 
1253 
1259 
1267 
1269 
1271 
1272 
1284 
1285 
1287 
1289 
1291 
1292 
1304 
1309 
1313 
1315 
1317 
1318 
1321 
1322 
1324 
1328 
1332 
1337 
1340 
1341 
1344 
1347 
1350 
1351 
1354 
1366 
1372 
1376 
1385 
1388 
1400 
1402 
1405 
1408 
1409 
1410 
1411 
1412 
1417 
1419 
1422 
1423 
1424 
1427 
1429 
1431 
1432 
1433 
1435 
1436 
1437 
1438 
1443 
1449 
1453 
1454 
1459 
1460 
1461 
1464 
1470 
1472 
1487 
1489 
1504 
1510 
1513 
1517 
1526 
1528 
1529 
1532 
1548 
1551 
1552 
1553 
1555 
1558 
1564 
1572 
1578 
1589 
1591 
1595 
1599 
1606 
1613 
1620 
1627 
1632 
1641 
1645 
1654 
1667 
1668 
1675 
1679 
1684 
1688 
1689 
1692 
1709 
1710 
1715 
1726 
1728 
1733 
1742 
1746 
1757 
1776 
1791 
1795 
1799 
1800 
1806 
1814 
1819 
1824 
1852 
1874 
1879 
1899 
