-1949
-1943
-1942
-1940
-1912
-1911
-1829
-1803
-1801
-1790
-1788
-1767
-1766
-1763
-1763
-1750
-1750
-1746
-1741
-1738
-1734
-1724
-1717
-1702
-1698
-1698
-1696
-1690
-1682
-1679
-1657
-1644
-1642
-1637
-1631
-1628
-1620
-1612
-1612
-1610
-1603
-1590
-1589
-1567
-1559
-1554
-1553
-1550
-1544
-1542
-1541
-1541
-1539
-1539
-1533
-1529
-1521
-1514
-1510
-1506
-1505
-1496
-1491
-1489
-1474
-1473
-1470
-1469
-1467
-1464
-1460
-1458
-1457
-1444
-1437
-1435
-1433
-1422
-1416
-1415
-1411
-1408
-1405
-1402
-1402
-1399
-1396
-1395
-1389
-1384
-1380
-1376
-1374
-1372
-1364
-1363
-1362
-1360
-1360
-1352
-1351
-1348
-1348
-1346
-1345
-1344
-1332
-1331
-1328
-1324
-1324
-1323
-1321
-1318
-1312
-1312
-1312
-1311
-1311
-1307
-1303
-1300
-1298
-1298
-1298
-1283
-1282
-1278
-1275
-1271
-1270
-1268
-1268
-1265
-1262
-1260
-1256
-1256
-1255
-1252
-1252
-1247
-1243
-1242
-1236
-1229
-1229
-1227
-1225
-1222
-1221
-1221
-1218
-1217
-1207
-1206
-1197
-1194
-1187
-1187
-1186
-1183
-1183
-1180
-1178
-1165
-1165
-1163
-1160
-1158
-1151
-1150
-1149
-1148
-1148
-1143
-1142
-1142
-1140
-1139
-1135
-1133
-1131
-1131
-1124
-1121
-1120
-1117
-1114
-1114
-1113
-1113
-1113
-1112
-1112
-1110
-1109
-1106
-1106
-1105
-1103
-1101
-1100
-1100
-1096
-1095
-1091
-1081
-1079
-1077
-1076
-1076
-1076
-1073
-1070
-1067
-1066
-1064
-1064
-1063
-1063
-1063
-1054
-1050
-1049
-1042
-1039
-1038
-1036
-1032
-1031
-1030
-1026
-1026
-1025
-1024
-1024
-1023
-1021
-1021
-1018
-1017
-1016
-1012
-1010
-1009
-1008
-1006
-1006
-998
-998
-994
-994
-993
-993
-986
-985
-984
-981
-980
-980
-979
-977
-977
-971
-971
-969
-960
-955
-955
-954
-950
-947
-947
-944
-944
-940
-938
-937
-932
-924
-923
-923
-921
-918
-917
-916
-915
-912
-911
-911
-911
-907
-902
-901
-901
-900
-896
-893
-892
-888
-888
-884
-881
-876
-870
-867
-865
-864
-862
-856
-856
-853
-853
-853
-853
-852
-850
-844
-842
-842
-841
-839
-838
-836
-834
-834
-833
-832
-830
-830
-828
-823
-823
-821
-819
-810
-809
-805
-797
-794
-793
-791
-791
-790
-789
-788
-788
-787
-787
-787
-786
-786
-783
-782
-782
-780
-779
-778
-778
-775
-775
-769
-768
-768
-768
-764
-761
-760
-759
-758
-755
-754
-750
-750
-748
-748
-746
-746
-746
-743
-743
-740
-739
-738
-733
-733
-733
-729
-726
-725
-723
-722
-720
-718
-716
-716
-712
-711
-710
-709
-708
-707
-707
-702
-702
-702
-699
-699
-697
-696
-696
-690
-689
-688
-687
-687
-685
-684
-684
-684
-683
-680
-679
-679
-678
-675
-669
-668
-668
-665
-662
-659
-658
-657
-656
-653
-651
-649
-647
-643
-641
-639
-639
-637
-635
-634
-625
-625
-620
-620
-620
-619
-617
-616
-614
-614
-614
-614
-608
-608
-607
-604
-603
-603
-602
-600
-598
-598
-595
-595
-595
-595
-593
-593
-592
-590
-590
-589
-587
-586
-585
-585
-584
-584
-584
-582
-580
-577
-576
-574
-574
-573
-573
-571
-571
-570
-570
-567
-566
-565
-564
-564
-563
-563
-563
-560
-558
-557
-555
-552
-550
-550
-549
-549
-549
-548
-547
-547
-547
-545
-544
-543
-537
-537
-536
-536
-535
-533
-529
-529
-529
-527
-527
-527
-525
-523
-523
-523
-519
-519
-517
-517
-516
-515
-513
-513
-513
-507
-506
-505
-504
-503
-503
-501
-501
-500
-500
-500
-498
-496
-495
-494
-493
-493
-492
-492
-491
-490
-489
-489
-489
-487
-486
-486
-483
-482
-482
-481
-479
-478
-474
-473
-473
-472
-469
-469
-465
-465
-463
-463
-462
-458
-458
-458
-447
-445
-445
-444
-444
-442
-441
-441
-440
-440
-439
-439
-439
-439
-438
-435
-435
-434
-433
-431
-430
-430
-430
-430
-428
-427
-427
-426
-426
-425
-425
-424
-423
-422
-422
-422
-421
-421
-420
-419
-419
-418
-413
-413
-412
-411
-411
-408
-407
-405
-404
-403
-403
-403
-401
-399
-398
-397
-396
-394
-394
-387
-383
-382
-381
-380
-378
-374
-374
-371
-371
-369
-367
-367
-366
-362
-362
-358
-355
-352
-352
-350
-347
-346
-346
-346
-343
-340
-339
-337
-337
-335
-333
-330
-328
-328
-327
-326
-326
-326
-325
-322
-322
-320
-319
-317
-315
-312
-312
-312
-312
-312
-310
-309
-308
-308
-308
-305
-305
-303
-302
-299
-299
-298
-298
-297
-297
-295
-295
-295
-294
-293
-292
-287
-286
-285
-285
-284
-284
-283
-282
-281
-280
-278
-278
-278
-278
-276
-273
-272
-271
-268
-266
-266
-265
-265
-264
-264
-264
-263
-263
-263
-261
-261
-260
-260
-260
-260
-259
-257
-256
-255
-253
-253
-252
-251
-251
-249
-247
-246
-245
-245
-245
-244
-244
-243
-242
-242
-241
-240
-239
-238
-237
-237
-236
-235
-234
-232
-231
-231
-229
-228
-226
-226
-226
-225
-224
-224
-223
-222
-222
-221
-219
-219
-218
-218
-214
-214
-213
-213
-210
-208
-208
-206
-205
-204
-202
-200
-200
-197
-194
-194
-193
-192
-191
-191
-190
-189
-189
-188
-186
-183
-182
-178
-178
-177
-176
-175
-175
-169
-169
-168
-165
-163
-162
-161
-161
-160
-160
-157
-156
-156
-154
-151
-147
-145
-142
-141
-140
-140
-140
-139
-139
-134
-133
-130
-129
-129
-128
-128
-127
-122
-119
-119
-118
-118
-118
-118
-117
-116
-114
-114
-114
-113
-113
-111
-110
-110
-109
-109
-107
-107
-106
-102
-102
-101
-98
-97
-96
-95
-95
-95
-94
-93
-91
-90
-90
-87
-87
-86
-85
-85
-82
-82
-81
-81
-81
-80
-78
-77
-76
-74
-73
-72
-72
-71
-71
-70
-69
-68
-67
-66
-66
-65
-65
-63
-61
-60
-60
-60
-59
-57
-57
-57
-56
-55
-54
-52
-52
-51
-49
-48
-47
-46
-43
-43
-43
-43
-41
-40
-40
-39
-37
-37
-36
-35
-35
-34
-32
-31
-30
-29
-26
-26
-26
-25
-24
-20
-19
-19
-19
-18
-18
-17
-14
-12
-12
-11
-10
-10
-6
-5
-5
-5
-4
-4
-4
1
1
3
5
6
7
8
8
11
11
12
13
13
14
14
15
16
17
17
17
17
18
20
21
22
23
23
24
25
25
28
30
31
32
32
32
33
33
34
34
34
35
36
37
38
38
40
40
40
40
41
41
44
44
45
47
48
48
49
49
49
49
52
53
54
62
63
63
64
65
65
67
70
70
72
74
74
76
77
77
78
79
79
80
80
82
83
83
83
84
84
85
86
86
87
88
91
92
92
93
93
94
96
96
100
101
102
103
103
104
104
106
106
107
107
107
109
110
111
112
113
113
114
115
119
119
119
120
121
122
124
127
128
129
130
130
132
132
133
133
134
134
137
139
140
140
141
142
142
143
145
146
147
147
148
149
151
151
152
156
156
157
157
158
160
162
163
163
168
168
171
172
172
173
173
175
175
176
176
178
178
179
181
181
184
184
184
185
186
188
188
189
190
190
191
191
192
194
195
196
197
198
199
199
200
201
202
202
205
205
205
206
208
210
210
210
213
214
214
215
215
216
217
218
218
220
220
222
223
223
225
225
225
227
229
229
232
233
233
234
236
237
237
239
241
241
242
244
244
245
246
249
252
252
256
256
258
261
262
262
262
264
264
266
269
269
270
270
271
272
274
274
276
276
277
277
278
279
280
284
285
285
289
289
290
291
291
291
291
294
294
294
294
297
297
297
298
300
301
302
303
303
304
305
305
305
307
309
311
311
312
314
316
316
316
317
317
320
320
320
321
321
322
323
324
324
325
325
329
330
330
331
332
334
335
337
339
340
340
345
346
346
348
348
349
350
350
352
355
356
356
359
363
366
367
368
369
370
370
371
373
373
374
374
376
376
376
378
378
380
380
381
382
385
388
388
389
392
393
393
393
394
394
396
397
398
401
402
403
404
406
407
410
413
414
414
416
419
423
424
428
435
436
436
437
439
440
442
442
445
446
446
447
448
448
450
451
451
457
464
464
466
467
468
469
471
471
474
474
474
476
476
477
477
480
481
481
482
485
488
491
495
497
499
501
505
505
506
506
507
509
510
510
512
513
517
519
519
519
522
528
528
529
530
530
531
534
535
536
537
538
539
540
541
542
543
544
546
546
549
551
551
555
558
564
564
565
566
567
568
568
570
570
570
570
572
574
575
576
576
576
577
578
579
579
582
584
586
587
588
590
594
598
598
601
603
605
605
608
608
609
610
611
612
613
616
616
618
622
623
628
629
629
630
632
632
634
634
637
640
641
651
651
652
655
655
655
655
656
657
660
666
667
668
671
671
672
672
674
675
675
675
677
679
679
679
681
683
683
684
687
687
687
687
688
688
693
695
695
695
697
701
702
702
708
709
710
711
711
714
719
720
720
722
723
724
730
731
733
735
736
737
738
741
741
743
744
749
750
751
755
756
757
757
758
761
763
767
767
767
769
777
780
780
782
784
787
790
792
793
793
794
801
803
809
810
812
814
815
816
817
817
819
820
821
821
821
822
824
830
830
835
835
836
836
836
840
842
843
846
848
850
851
853
854
857
858
860
863
864
864
864
867
871
874
878
878
879
883
885
886
886
888
890
890
894
894
897
900
902
902
904
906
906
907
911
912
914
914
918
918
919
919
921
921
924
925
926
931
931
936
938
939
940
940
942
943
943
944
945
945
945
945
947
948
948
948
953
955
956
962
962
963
965
965
970
971
977
979
980
983
988
991
992
997
997
1003
1005
1007
1007
1008
1010
1012
1017
1020
1021
1021
1027
1028
1028
1030
1035
1037
1042
1044
1047
1049
1049
1050
1050
1054
1055
1058
1059
1059
1061
1065
1065
1066
1067
1070
1070
1072
1075
1078
1080
1081
1083
1084
1088
1092
1093
1097
1104
1105
1106
1107
1110
1112
1115
1118
1120
1122
1122
1124
1127
1127
1127
1136
1136
1137
1139
1140
1144
1148
1149
1152
1155
1157
1160
1163
1166
1182
1189
1190
1192
1194
1194
1196
1198
1198
1198
1198
1198
1202
1202
1204
1211
1219
1224
1225
1227
1230
1233
1234
1235
1240
1241
1244
1244
1251
1252
1253
1259
1267
1267
1269
1271
1272
1284
1285
1285
1287
1287
1289
1291
1292
1304
1309
1313
1315
1315
1317
1317
1318
1321
1322
1324
1328
1332
1337
1340
1341
1341
1344
1344
1347
1350
1351
1354
1366
1372
1376
1376
1385
1388
1388
1400
1402
1405
1408
1409
1410
1411
1412
1417
1419
1422
1423
1424
1427
1427
1429
1429
1431
1432
1433
1435
1435
1436
1437
1438
1443
1449
1453
1454
1459
1460
1461
1464
1470
1472
1472
1487
1489
1504
1510
1513
1517
1526
1528
1529
1532
1548
1551
1552
1553
1555
1558
1558
1558
1564
1572
1578
1589
1591
1595
1599
1606
1613
1620
1620
1627
1632
1641
1645
1654
1667
1668
1675
1679
1684
1688
1689
1689
1692
1709
1710
1715
1726
1728
1733
1742
1746
1757
1776
1791
1795
1799
1800
1806
1814
1819
1824
1852
1874
1879
1899
